4164 33
4164 23
4164 24
4164 28
4164 9

3876 6
3876 13
3876 14
3876 10
3876 7

3823 12
3823 1
3823 7
3823 0
3823 5

5631 6
5631 1
5631 5
5631 3
5631 2

892 6
892 7
892 9
892 10
892 2

1030 11
1030 6
1030 4
1030 16
1030 2

3512 2
3512 3
3512 6
3512 4
3512 7

4938 7
4938 11
4938 5
4938 10
4938 8

4767 0
4767 1
4767 3
4767 9
4767 6

6026 7
6026 8
6026 2
6026 1
6026 0

2434 9
2434 7
2434 6
2434 3
2434 13

5276 0
5276 4
5276 1
5276 2
5276 3

2376 13
2376 9
2376 12
2376 10
2376 5

5686 0
5686 5
5686 3
5686 1
5686 2

4377 18
4377 3
4377 20
4377 17
4377 34

5105 12
5105 1
5105 19
5105 11
5105 10

6194 22
6194 68
6194 39
6194 26
6194 99

2247 1
2247 3
2247 6
2247 7
2247 0

897 14
897 3
897 13
897 10
897 12

1618 1
1618 0
1618 2
1618 3
1618 5

4391 0
4391 35
4391 31
4391 6
4391 9

718 2
718 11
718 4
718 7
718 1

1123 26
1123 3
1123 21
1123 4
1123 2

3747 0
3747 10
3747 9
3747 1
3747 8

1627 3
1627 4
1627 5
1627 0
1627 1

5798 13
5798 6
5798 16
5798 0
5798 17

2857 26
2857 8
2857 4
2857 13
2857 15

3882 10
3882 5
3882 7
3882 6
3882 12

1484 4
1484 1
1484 3
1484 2
1484 0

5475 5
5475 3
5475 4
5475 0
5475 1

4594 25
4594 34
4594 54
4594 16
4594 48

5977 3
5977 6
5977 4
5977 1
5977 2

2460 5
2460 12
2460 11
2460 9
2460 0

2658 15
2658 18
2658 13
2658 11
2658 1

3862 0
3862 4
3862 13
3862 10
3862 9

5310 1
5310 4
5310 0
5310 2
5310 3

